1,1,0.0
1,1,1.97
1,1,3.94
1,1,5.91
1,1,7.88
1,1,9.85
1,1,11.82
1,1,13.79
1,1,15.76
1,1,17.73
1,1,19.7
1,1,21.67
1,1,23.64
1,1,25.61
1,1,27.58
1,1,29.55
1,1,31.52
1,1,33.49
1,1,35.46
1,1,37.43
1,1,39.4
1,1,41.37
1,1,43.34
1,1,45.31
1,1,47.28
1,1,49.25
1,1,51.22
1,1,53.19
1,1,55.16
1,1,57.13
1,1,59.1
1,1,61.07
1,1,63.04
1,1,65.01
1,1,66.98
1,1,68.95
1,1,70.92
1,1,72.89
1,1,74.86
1,1,76.83
1,1,78.8
1,1,80.77
1,1,82.74
1,1,84.71
1,1,86.68
1,1,88.65
1,1,90.62
1,1,92.59
1,1,94.56
1,1,96.53
1,1,98.5
1,1,100.47
1,1,102.44
1,1,104.41
1,1,106.38
1,1,108.35
1,1,110.32
1,1,112.29
1,1,114.26
1,1,116.23
1,1,118.2
1,1,120.17
1,1,122.14
1,1,124.11
1,1,126.08
1,1,128.05
1,1,130.02
1,1,131.99
1,1,133.96
1,1,135.93
1,1,137.9
1,1,139.87
1,1,141.84
1,1,143.81
1,1,145.78
1,1,147.75
1,1,149.72
1,1,151.69
1,1,153.66
1,1,155.63
1,1,157.6
1,1,159.57
1,1,161.54
1,1,163.51
1,1,165.48
1,1,167.45
1,1,169.42
1,1,171.39
1,1,173.36
1,1,175.33
1,1,177.3
1,1,179.27
1,1,181.24
1,1,183.21
1,1,185.18
1,1,187.15
1,1,189.12
1,1,191.09
1,1,193.06
1,1,195.03
1,1,197.0
1,1,198.97
1,1,200.94
1,1,202.91
1,1,204.88
1,1,206.85
1,1,208.82
1,1,210.79
1,1,212.76
1,1,214.73
1,1,216.7
1,1,218.67
1,1,220.64
1,1,222.61
1,1,224.58
1,1,226.55
1,1,228.52
1,1,230.49
1,1,232.46
1,1,234.43
1,1,236.4
1,1,238.37
1,1,240.34
1,1,242.31
1,1,244.28
1,1,246.25
1,1,248.22
1,1,250.19
1,1,252.16
1,1,254.13
1,1,256.1
1,1,258.07
1,1,260.04
1,1,262.01
1,1,263.98
1,1,265.95
1,1,267.92
1,1,269.89
1,1,271.86
1,1,273.83
1,1,275.8
1,1,277.77
1,1,279.74
1,2,0.0
1,2,1.97
1,2,3.94
1,2,5.91
1,2,7.88
1,2,9.85
1,2,11.82
1,2,13.79
1,2,15.76
1,2,17.73
1,2,19.7
1,2,21.67
1,2,23.64
1,2,25.61
1,2,27.58
1,2,29.55
1,2,31.52
1,2,33.49
1,2,35.46
1,2,37.43
1,2,39.4
1,2,41.37
1,2,43.34
1,2,45.31
1,2,47.28
1,2,49.25
1,2,51.22
1,2,53.19
1,2,55.16
1,2,57.13
1,2,59.1
1,2,61.07
1,2,63.04
1,2,65.01
1,2,66.98
1,2,68.95
1,2,70.92
1,2,72.89
1,2,74.86
1,2,76.83
1,2,78.8
1,2,80.77
1,2,82.74
1,2,84.71
1,2,86.68
1,2,88.65
1,2,90.62
1,2,92.59
1,2,94.56
1,2,96.53
1,2,98.5
1,2,100.47
1,2,102.44
1,2,104.41
1,2,106.38
1,2,108.35
1,2,110.32
1,2,112.29
1,2,114.26
1,2,116.23
1,2,118.2
1,2,120.17
1,2,122.14
1,2,124.11
1,2,126.08
1,2,128.05
1,2,130.02
1,2,131.99
1,2,133.96
1,2,135.93
1,2,137.9
1,2,139.87
1,2,141.84
1,2,143.81
1,2,145.78
1,2,147.75
1,2,149.72
1,2,151.69
1,2,153.66
1,2,155.63
1,2,157.6
1,2,159.57
1,2,161.54
1,2,163.51
1,2,165.48
1,2,167.45
1,2,169.42
1,2,171.39
1,2,173.36
1,2,175.33
1,2,177.3
1,2,179.27
1,2,181.24
1,2,183.21
1,2,185.18
1,2,187.15
1,2,189.12
1,2,191.09
1,2,193.06
1,2,195.03
1,2,197.0
1,2,198.97
1,2,200.94
1,2,202.91
1,2,204.88
1,2,206.85
1,2,208.82
1,2,210.79
1,2,212.76
1,2,214.73
1,2,216.7
1,2,218.67
1,2,220.64
1,2,222.61
1,2,224.58
1,2,226.55
1,2,228.52
1,2,230.49
1,2,232.46
1,2,234.43
1,2,236.4
1,2,238.37
1,2,240.34
1,2,242.31
1,2,244.28
1,2,246.25
1,2,248.22
1,2,250.19
1,2,252.16
1,2,254.13
1,2,256.1
1,2,258.07
1,2,260.04
1,2,262.01
1,2,263.98
1,2,265.95
1,2,267.92
1,2,269.89
1,2,271.86
1,2,273.83
1,2,275.8
1,2,277.77
1,2,279.74
1,3,0.0
1,3,1.97
1,3,3.94
1,3,5.91
1,3,7.88
1,3,9.85
1,3,11.82
1,3,13.79
1,3,15.76
1,3,17.73
1,3,19.7
1,3,21.67
1,3,23.64
1,3,25.61
1,3,27.58
1,3,29.55
1,3,31.52
1,3,33.49
1,3,35.46
1,3,37.43
1,3,39.4
1,3,41.37
1,3,43.34
1,3,45.31
1,3,47.28
1,3,49.25
1,3,51.22
1,3,53.19
1,3,55.16
1,3,57.13
1,3,59.1
1,3,61.07
1,3,63.04
1,3,65.01
1,3,66.98
1,3,68.95
1,3,70.92
1,3,72.89
1,3,74.86
1,3,76.83
1,3,78.8
1,3,80.77
1,3,82.74
1,3,84.71
1,3,86.68
1,3,88.65
1,3,90.62
1,3,92.59
1,3,94.56
1,3,96.53
1,3,98.5
1,3,100.47
1,3,102.44
1,3,104.41
1,3,106.38
1,3,108.35
1,3,110.32
1,3,112.29
1,3,114.26
1,3,116.23
1,3,118.2
1,3,120.17
1,3,122.14
1,3,124.11
1,3,126.08
1,3,128.05
1,3,130.02
1,3,131.99
1,3,133.96
1,3,135.93
1,3,137.9
1,3,139.87
1,3,141.84
1,3,143.81
1,3,145.78
1,3,147.75
1,3,149.72
1,3,151.69
1,3,153.66
1,3,155.63
1,3,157.6
1,3,159.57
1,3,161.54
1,3,163.51
1,3,165.48
1,3,167.45
1,3,169.42
1,3,171.39
1,3,173.36
1,3,175.33
1,3,177.3
1,3,179.27
1,3,181.24
1,3,183.21
1,3,185.18
1,3,187.15
1,3,189.12
1,3,191.09
1,3,193.06
1,3,195.03
1,3,197.0
1,3,198.97
1,3,200.94
1,3,202.91
1,3,204.88
1,3,206.85
1,3,208.82
1,3,210.79
1,3,212.76
1,3,214.73
1,3,216.7
1,3,218.67
1,3,220.64
1,3,222.61
1,3,224.58
1,3,226.55
1,3,228.52
1,3,230.49
1,3,232.46
1,3,234.43
1,3,236.4
1,3,238.37
1,3,240.34
1,3,242.31
1,3,244.28
1,3,246.25
1,3,248.22
1,3,250.19
1,3,252.16
1,3,254.13
1,3,256.1
1,3,258.07
1,3,260.04
1,3,262.01
1,3,263.98
1,3,265.95
1,3,267.92
1,3,269.89
1,3,271.86
1,3,273.83
1,3,275.8
1,3,277.77
1,3,279.74
1,4,0.0
1,4,1.97
1,4,3.94
1,4,5.91
1,4,7.88
1,4,9.85
1,4,11.82
1,4,13.79
1,4,15.76
1,4,17.73
1,4,19.7
1,4,21.67
1,4,23.64
1,4,25.61
1,4,27.58
1,4,29.55
1,4,31.52
1,4,33.49
1,4,35.46
1,4,37.43
1,4,39.4
1,4,41.37
1,4,43.34
1,4,45.31
1,4,47.28
1,4,49.25
1,4,51.22
1,4,53.19
1,4,55.16
1,4,57.13
1,4,59.1
1,4,61.07
1,4,63.04
1,4,65.01
1,4,66.98
1,4,68.95
1,4,70.92
1,4,72.89
1,4,74.86
1,4,76.83
1,4,78.8
1,4,80.77
1,4,82.74
1,4,84.71
1,4,86.68
1,4,88.65
1,4,90.62
1,4,92.59
1,4,94.56
1,4,96.53
1,4,98.5
1,4,100.47
1,4,102.44
1,4,104.41
1,4,106.38
1,4,108.35
1,4,110.32
1,4,112.29
1,4,114.26
1,4,116.23
1,4,118.2
1,4,120.17
1,4,122.14
1,4,124.11
1,4,126.08
1,4,128.05
1,4,130.02
1,4,131.99
1,4,133.96
1,4,135.93
1,4,137.9
1,4,139.87
1,4,141.84
1,4,143.81
1,4,145.78
1,4,147.75
1,4,149.72
1,4,151.69
1,4,153.66
1,4,155.63
1,4,157.6
1,4,159.57
1,4,161.54
1,4,163.51
1,4,165.48
1,4,167.45
1,4,169.42
1,4,171.39
1,4,173.36
1,4,175.33
1,4,177.3
1,4,179.27
1,4,181.24
1,4,183.21
1,4,185.18
1,4,187.15
1,4,189.12
1,4,191.09
1,4,193.06
1,4,195.03
1,4,197.0
1,4,198.97
1,4,200.94
1,4,202.91
1,4,204.88
1,4,206.85
1,4,208.82
1,4,210.79
1,4,212.76
1,4,214.73
1,4,216.7
1,4,218.67
1,4,220.64
1,4,222.61
1,4,224.58
1,4,226.55
1,4,228.52
1,4,230.49
1,4,232.46
1,4,234.43
1,4,236.4
1,4,238.37
1,4,240.34
1,4,242.31
1,4,244.28
1,4,246.25
1,4,248.22
1,4,250.19
1,4,252.16
1,4,254.13
1,4,256.1
1,4,258.07
1,4,260.04
1,4,262.01
1,4,263.98
1,4,265.95
1,4,267.92
1,4,269.89
1,4,271.86
1,4,273.83
1,4,275.8
1,4,277.77
1,4,279.74
1,5,0.0
1,5,1.97
1,5,3.94
1,5,5.91
1,5,7.88
1,5,9.85
1,5,11.82
1,5,13.79
1,5,15.76
1,5,17.73
1,5,19.7
1,5,21.67
1,5,23.64
1,5,25.61
1,5,27.58
1,5,29.55
1,5,31.52
1,5,33.49
1,5,35.46
1,5,37.43
1,5,39.4
1,5,41.37
1,5,43.34
1,5,45.31
1,5,47.28
1,5,49.25
1,5,51.22
1,5,53.19
1,5,55.16
1,5,57.13
1,5,59.1
1,5,61.07
1,5,63.04
1,5,65.01
1,5,66.98
1,5,68.95
1,5,70.92
1,5,72.89
1,5,74.86
1,5,76.83
1,5,78.8
1,5,80.77
1,5,82.74
1,5,84.71
1,5,86.68
1,5,88.65
1,5,90.62
1,5,92.59
1,5,94.56
1,5,96.53
1,5,98.5
1,5,100.47
1,5,102.44
1,5,104.41
1,5,106.38
1,5,108.35
1,5,110.32
1,5,112.29
1,5,114.26
1,5,116.23
1,5,118.2
1,5,120.17
1,5,122.14
1,5,124.11
1,5,126.08
1,5,128.05
1,5,130.02
1,5,131.99
1,5,133.96
1,5,135.93
1,5,137.9
1,5,139.87
1,5,141.84
1,5,143.81
1,5,145.78
1,5,147.75
1,5,149.72
1,5,151.69
1,5,153.66
1,5,155.63
1,5,157.6
1,5,159.57
1,5,161.54
1,5,163.51
1,5,165.48
1,5,167.45
1,5,169.42
1,5,171.39
1,5,173.36
1,5,175.33
1,5,177.3
1,5,179.27
1,5,181.24
1,5,183.21
1,5,185.18
1,5,187.15
1,5,189.12
1,5,191.09
1,5,193.06
1,5,195.03
1,5,197.0
1,5,198.97
1,5,200.94
1,5,202.91
1,5,204.88
1,5,206.85
1,5,208.82
1,5,210.79
1,5,212.76
1,5,214.73
1,5,216.7
1,5,218.67
1,5,220.64
1,5,222.61
1,5,224.58
1,5,226.55
1,5,228.52
1,5,230.49
1,5,232.46
1,5,234.43
1,5,236.4
1,5,238.37
1,5,240.34
1,5,242.31
1,5,244.28
1,5,246.25
1,5,248.22
1,5,250.19
1,5,252.16
1,5,254.13
1,5,256.1
1,5,258.07
1,5,260.04
1,5,262.01
1,5,263.98
1,5,265.95
1,5,267.92
1,5,269.89
1,5,271.86
1,5,273.83
1,5,275.8
1,5,277.77
1,5,279.74
1,6,0.0
1,6,1.97
1,6,3.94
1,6,5.91
1,6,7.88
1,6,9.85
1,6,11.82
1,6,13.79
1,6,15.76
1,6,17.73
1,6,19.7
1,6,21.67
1,6,23.64
1,6,25.61
1,6,27.58
1,6,29.55
1,6,31.52
1,6,33.49
1,6,35.46
1,6,37.43
1,6,39.4
1,6,41.37
1,6,43.34
1,6,45.31
1,6,47.28
1,6,49.25
1,6,51.22
1,6,53.19
1,6,55.16
1,6,57.13
1,6,59.1
1,6,61.07
1,6,63.04
1,6,65.01
1,6,66.98
1,6,68.95
1,6,70.92
1,6,72.89
1,6,74.86
1,6,76.83
1,6,78.8
1,6,80.77
1,6,82.74
1,6,84.71
1,6,86.68
1,6,88.65
1,6,90.62
1,6,92.59
1,6,94.56
1,6,96.53
1,6,98.5
1,6,100.47
1,6,102.44
1,6,104.41
1,6,106.38
1,6,108.35
1,6,110.32
1,6,112.29
1,6,114.26
1,6,116.23
1,6,118.2
1,6,120.17
1,6,122.14
1,6,124.11
1,6,126.08
1,6,128.05
1,6,130.02
1,6,131.99
1,6,133.96
1,6,135.93
1,6,137.9
1,6,139.87
1,6,141.84
1,6,143.81
1,6,145.78
1,6,147.75
1,6,149.72
1,6,151.69
1,6,153.66
1,6,155.63
1,6,157.6
1,6,159.57
1,6,161.54
1,6,163.51
1,6,165.48
1,6,167.45
1,6,169.42
1,6,171.39
1,6,173.36
1,6,175.33
1,6,177.3
1,6,179.27
1,6,181.24
1,6,183.21
1,6,185.18
1,6,187.15
1,6,189.12
1,6,191.09
1,6,193.06
1,6,195.03
1,6,197.0
1,6,198.97
1,6,200.94
1,6,202.91
1,6,204.88
1,6,206.85
1,6,208.82
1,6,210.79
1,6,212.76
1,6,214.73
1,6,216.7
1,6,218.67
1,6,220.64
1,6,222.61
1,6,224.58
1,6,226.55
1,6,228.52
1,6,230.49
1,6,232.46
1,6,234.43
1,6,236.4
1,6,238.37
1,6,240.34
1,6,242.31
1,6,244.28
1,6,246.25
1,6,248.22
1,6,250.19
1,6,252.16
1,6,254.13
1,6,256.1
1,6,258.07
1,6,260.04
1,6,262.01
1,6,263.98
1,6,265.95
1,6,267.92
1,6,269.89
1,6,271.86
1,6,273.83
1,6,275.8
1,6,277.77
1,6,279.74
1,7,0.0
1,7,1.97
1,7,3.94
1,7,5.91
1,7,7.88
1,7,9.85
1,7,11.82
1,7,13.79
1,7,15.76
1,7,17.73
1,7,19.7
1,7,21.67
1,7,23.64
1,7,25.61
1,7,27.58
1,7,29.55
1,7,31.52
1,7,33.49
1,7,35.46
1,7,37.43
1,7,39.4
1,7,41.37
1,7,43.34
1,7,45.31
1,7,47.28
1,7,49.25
1,7,51.22
1,7,53.19
1,7,55.16
1,7,57.13
1,7,59.1
1,7,61.07
1,7,63.04
1,7,65.01
1,7,66.98
1,7,68.95
1,7,70.92
1,7,72.89
1,7,74.86
1,7,76.83
1,7,78.8
1,7,80.77
1,7,82.74
1,7,84.71
1,7,86.68
1,7,88.65
1,7,90.62
1,7,92.59
1,7,94.56
1,7,96.53
1,7,98.5
1,7,100.47
1,7,102.44
1,7,104.41
1,7,106.38
1,7,108.35
1,7,110.32
1,7,112.29
1,7,114.26
1,7,116.23
1,7,118.2
1,7,120.17
1,7,122.14
1,7,124.11
1,7,126.08
1,7,128.05
1,7,130.02
1,7,131.99
1,7,133.96
1,7,135.93
1,7,137.9
1,7,139.87
1,7,141.84
1,7,143.81
1,7,145.78
1,7,147.75
1,7,149.72
1,7,151.69
1,7,153.66
1,7,155.63
1,7,157.6
1,7,159.57
1,7,161.54
1,7,163.51
1,7,165.48
1,7,167.45
1,7,169.42
1,7,171.39
1,7,173.36
1,7,175.33
1,7,177.3
1,7,179.27
1,7,181.24
1,7,183.21
1,7,185.18
1,7,187.15
1,7,189.12
1,7,191.09
1,7,193.06
1,7,195.03
1,7,197.0
1,7,198.97
1,7,200.94
1,7,202.91
1,7,204.88
1,7,206.85
1,7,208.82
1,7,210.79
1,7,212.76
1,7,214.73
1,7,216.7
1,7,218.67
1,7,220.64
1,7,222.61
1,7,224.58
1,7,226.55
1,7,228.52
1,7,230.49
1,7,232.46
1,7,234.43
1,7,236.4
1,7,238.37
1,7,240.34
1,7,242.31
1,7,244.28
1,7,246.25
1,7,248.22
1,7,250.19
1,7,252.16
1,7,254.13
1,7,256.1
1,7,258.07
1,7,260.04
1,7,262.01
1,7,263.98
1,7,265.95
1,7,267.92
1,7,269.89
1,7,271.86
1,7,273.83
1,7,275.8
1,7,277.77
1,7,279.74
2,1,0.0
2,1,1.97
2,1,3.94
2,1,5.91
2,1,7.88
2,1,9.85
2,1,11.82
2,1,13.79
2,1,15.76
2,1,17.73
2,1,19.7
2,1,21.67
2,1,23.64
2,1,25.61
2,1,27.58
2,1,29.55
2,1,31.52
2,1,33.49
2,1,35.46
2,1,37.43
2,1,39.4
2,1,41.37
2,1,43.34
2,1,45.31
2,1,47.28
2,1,49.25
2,1,51.22
2,1,53.19
2,1,55.16
2,1,57.13
2,1,59.1
2,1,61.07
2,1,63.04
2,1,65.01
2,1,66.98
2,1,68.95
2,1,70.92
2,1,72.89
2,1,74.86
2,1,76.83
2,1,78.8
2,1,80.77
2,1,82.74
2,1,84.71
2,1,86.68
2,1,88.65
2,1,90.62
2,1,92.59
2,1,94.56
2,1,96.53
2,1,98.5
2,1,100.47
2,1,102.44
2,1,104.41
2,1,106.38
2,1,108.35
2,1,110.32
2,1,112.29
2,1,114.26
2,1,116.23
2,1,118.2
2,1,120.17
2,1,122.14
2,1,124.11
2,1,126.08
2,1,128.05
2,1,130.02
2,1,131.99
2,1,133.96
2,1,135.93
2,1,137.9
2,1,139.87
2,1,141.84
2,1,143.81
2,1,145.78
2,1,147.75
2,1,149.72
2,1,151.69
2,1,153.66
2,1,155.63
2,1,157.6
2,1,159.57
2,1,161.54
2,1,163.51
2,1,165.48
2,1,167.45
2,1,169.42
2,1,171.39
2,1,173.36
2,1,175.33
2,1,177.3
2,1,179.27
2,1,181.24
2,1,183.21
2,1,185.18
2,1,187.15
2,1,189.12
2,1,191.09
2,1,193.06
2,1,195.03
2,1,197.0
2,1,198.97
2,1,200.94
2,1,202.91
2,1,204.88
2,1,206.85
2,1,208.82
2,1,210.79
2,1,212.76
2,1,214.73
2,1,216.7
2,1,218.67
2,1,220.64
2,1,222.61
2,1,224.58
2,1,226.55
2,1,228.52
2,1,230.49
2,1,232.46
2,1,234.43
2,1,236.4
2,1,238.37
2,1,240.34
2,1,242.31
2,1,244.28
2,1,246.25
2,1,248.22
2,1,250.19
2,1,252.16
2,1,254.13
2,1,256.1
2,1,258.07
2,1,260.04
2,1,262.01
2,1,263.98
2,1,265.95
2,1,267.92
2,1,269.89
2,1,271.86
2,1,273.83
2,1,275.8
2,1,277.77
2,1,279.74
2,2,0.0
2,2,1.97
2,2,3.94
2,2,5.91
2,2,7.88
2,2,9.85
2,2,11.82
2,2,13.79
2,2,15.76
2,2,17.73
2,2,19.7
2,2,21.67
2,2,23.64
2,2,25.61
2,2,27.58
2,2,29.55
2,2,31.52
2,2,33.49
2,2,35.46
2,2,37.43
2,2,39.4
2,2,41.37
2,2,43.34
2,2,45.31
2,2,47.28
2,2,49.25
2,2,51.22
2,2,53.19
2,2,55.16
2,2,57.13
2,2,59.1
2,2,61.07
2,2,63.04
2,2,65.01
2,2,66.98
2,2,68.95
2,2,70.92
2,2,72.89
2,2,74.86
2,2,76.83
2,2,78.8
2,2,80.77
2,2,82.74
2,2,84.71
2,2,86.68
2,2,88.65
2,2,90.62
2,2,92.59
2,2,94.56
2,2,96.53
2,2,98.5
2,2,100.47
2,2,102.44
2,2,104.41
2,2,106.38
2,2,108.35
2,2,110.32
2,2,112.29
2,2,114.26
2,2,116.23
2,2,118.2
2,2,120.17
2,2,122.14
2,2,124.11
2,2,126.08
2,2,128.05
2,2,130.02
2,2,131.99
2,2,133.96
2,2,135.93
2,2,137.9
2,2,139.87
2,2,141.84
2,2,143.81
2,2,145.78
2,2,147.75
2,2,149.72
2,2,151.69
2,2,153.66
2,2,155.63
2,2,157.6
2,2,159.57
2,2,161.54
2,2,163.51
2,2,165.48
2,2,167.45
2,2,169.42
2,2,171.39
2,2,173.36
2,2,175.33
2,2,177.3
2,2,179.27
2,2,181.24
2,2,183.21
2,2,185.18
2,2,187.15
2,2,189.12
2,2,191.09
2,2,193.06
2,2,195.03
2,2,197.0
2,2,198.97
2,2,200.94
2,2,202.91
2,2,204.88
2,2,206.85
2,2,208.82
2,2,210.79
2,2,212.76
2,2,214.73
2,2,216.7
2,2,218.67
2,2,220.64
2,2,222.61
2,2,224.58
2,2,226.55
2,2,228.52
2,2,230.49
2,2,232.46
2,2,234.43
2,2,236.4
2,2,238.37
2,2,240.34
2,2,242.31
2,2,244.28
2,2,246.25
2,2,248.22
2,2,250.19
2,2,252.16
2,2,254.13
2,2,256.1
2,2,258.07
2,2,260.04
2,2,262.01
2,2,263.98
2,2,265.95
2,2,267.92
2,2,269.89
2,2,271.86
2,2,273.83
2,2,275.8
2,2,277.77
2,2,279.74
2,3,0.0
2,3,1.97
2,3,3.94
2,3,5.91
2,3,7.88
2,3,9.85
2,3,11.82
2,3,13.79
2,3,15.76
2,3,17.73
2,3,19.7
2,3,21.67
2,3,23.64
2,3,25.61
2,3,27.58
2,3,29.55
2,3,31.52
2,3,33.49
2,3,35.46
2,3,37.43
2,3,39.4
2,3,41.37
2,3,43.34
2,3,45.31
2,3,47.28
2,3,49.25
2,3,51.22
2,3,53.19
2,3,55.16
2,3,57.13
2,3,59.1
2,3,61.07
2,3,63.04
2,3,65.01
2,3,66.98
2,3,68.95
2,3,70.92
2,3,72.89
2,3,74.86
2,3,76.83
2,3,78.8
2,3,80.77
2,3,82.74
2,3,84.71
2,3,86.68
2,3,88.65
2,3,90.62
2,3,92.59
2,3,94.56
2,3,96.53
2,3,98.5
2,3,100.47
2,3,102.44
2,3,104.41
2,3,106.38
2,3,108.35
2,3,110.32
2,3,112.29
2,3,114.26
2,3,116.23
2,3,118.2
2,3,120.17
2,3,122.14
2,3,124.11
2,3,126.08
2,3,128.05
2,3,130.02
2,3,131.99
2,3,133.96
2,3,135.93
2,3,137.9
2,3,139.87
2,3,141.84
2,3,143.81
2,3,145.78
2,3,147.75
2,3,149.72
2,3,151.69
2,3,153.66
2,3,155.63
2,3,157.6
2,3,159.57
2,3,161.54
2,3,163.51
2,3,165.48
2,3,167.45
2,3,169.42
2,3,171.39
2,3,173.36
2,3,175.33
2,3,177.3
2,3,179.27
2,3,181.24
2,3,183.21
2,3,185.18
2,3,187.15
2,3,189.12
2,3,191.09
2,3,193.06
2,3,195.03
2,3,197.0
2,3,198.97
2,3,200.94
2,3,202.91
2,3,204.88
2,3,206.85
2,3,208.82
2,3,210.79
2,3,212.76
2,3,214.73
2,3,216.7
2,3,218.67
2,3,220.64
2,3,222.61
2,3,224.58
2,3,226.55
2,3,228.52
2,3,230.49
2,3,232.46
2,3,234.43
2,3,236.4
2,3,238.37
2,3,240.34
2,3,242.31
2,3,244.28
2,3,246.25
2,3,248.22
2,3,250.19
2,3,252.16
2,3,254.13
2,3,256.1
2,3,258.07
2,3,260.04
2,3,262.01
2,3,263.98
2,3,265.95
2,3,267.92
2,3,269.89
2,3,271.86
2,3,273.83
2,3,275.8
2,3,277.77
2,3,279.74
2,4,0.0
2,4,1.97
2,4,3.94
2,4,5.91
2,4,7.88
2,4,9.85
2,4,11.82
2,4,13.79
2,4,15.76
2,4,17.73
2,4,19.7
2,4,21.67
2,4,23.64
2,4,25.61
2,4,27.58
2,4,29.55
2,4,31.52
2,4,33.49
2,4,35.46
2,4,37.43
2,4,39.4
2,4,41.37
2,4,43.34
2,4,45.31
2,4,47.28
2,4,49.25
2,4,51.22
2,4,53.19
2,4,55.16
2,4,57.13
2,4,59.1
2,4,61.07
2,4,63.04
2,4,65.01
2,4,66.98
2,4,68.95
2,4,70.92
2,4,72.89
2,4,74.86
2,4,76.83
2,4,78.8
2,4,80.77
2,4,82.74
2,4,84.71
2,4,86.68
2,4,88.65
2,4,90.62
2,4,92.59
2,4,94.56
2,4,96.53
2,4,98.5
2,4,100.47
2,4,102.44
2,4,104.41
2,4,106.38
2,4,108.35
2,4,110.32
2,4,112.29
2,4,114.26
2,4,116.23
2,4,118.2
2,4,120.17
2,4,122.14
2,4,124.11
2,4,126.08
2,4,128.05
2,4,130.02
2,4,131.99
2,4,133.96
2,4,135.93
2,4,137.9
2,4,139.87
2,4,141.84
2,4,143.81
2,4,145.78
2,4,147.75
2,4,149.72
2,4,151.69
2,4,153.66
2,4,155.63
2,4,157.6
2,4,159.57
2,4,161.54
2,4,163.51
2,4,165.48
2,4,167.45
2,4,169.42
2,4,171.39
2,4,173.36
2,4,175.33
2,4,177.3
2,4,179.27
2,4,181.24
2,4,183.21
2,4,185.18
2,4,187.15
2,4,189.12
2,4,191.09
2,4,193.06
2,4,195.03
2,4,197.0
2,4,198.97
2,4,200.94
2,4,202.91
2,4,204.88
2,4,206.85
2,4,208.82
2,4,210.79
2,4,212.76
2,4,214.73
2,4,216.7
2,4,218.67
2,4,220.64
2,4,222.61
2,4,224.58
2,4,226.55
2,4,228.52
2,4,230.49
2,4,232.46
2,4,234.43
2,4,236.4
2,4,238.37
2,4,240.34
2,4,242.31
2,4,244.28
2,4,246.25
2,4,248.22
2,4,250.19
2,4,252.16
2,4,254.13
2,4,256.1
2,4,258.07
2,4,260.04
2,4,262.01
2,4,263.98
2,4,265.95
2,4,267.92
2,4,269.89
2,4,271.86
2,4,273.83
2,4,275.8
2,4,277.77
2,4,279.74
2,5,0.0
2,5,1.97
2,5,3.94
2,5,5.91
2,5,7.88
2,5,9.85
2,5,11.82
2,5,13.79
2,5,15.76
2,5,17.73
2,5,19.7
2,5,21.67
2,5,23.64
2,5,25.61
2,5,27.58
2,5,29.55
2,5,31.52
2,5,33.49
2,5,35.46
2,5,37.43
2,5,39.4
2,5,41.37
2,5,43.34
2,5,45.31
2,5,47.28
2,5,49.25
2,5,51.22
2,5,53.19
2,5,55.16
2,5,57.13
2,5,59.1
2,5,61.07
2,5,63.04
2,5,65.01
2,5,66.98
2,5,68.95
2,5,70.92
2,5,72.89
2,5,74.86
2,5,76.83
2,5,78.8
2,5,80.77
2,5,82.74
2,5,84.71
2,5,86.68
2,5,88.65
2,5,90.62
2,5,92.59
2,5,94.56
2,5,96.53
2,5,98.5
2,5,100.47
2,5,102.44
2,5,104.41
2,5,106.38
2,5,108.35
2,5,110.32
2,5,112.29
2,5,114.26
2,5,116.23
2,5,118.2
2,5,120.17
2,5,122.14
2,5,124.11
2,5,126.08
2,5,128.05
2,5,130.02
2,5,131.99
2,5,133.96
2,5,135.93
2,5,137.9
2,5,139.87
2,5,141.84
2,5,143.81
2,5,145.78
2,5,147.75
2,5,149.72
2,5,151.69
2,5,153.66
2,5,155.63
2,5,157.6
2,5,159.57
2,5,161.54
2,5,163.51
2,5,165.48
2,5,167.45
2,5,169.42
2,5,171.39
2,5,173.36
2,5,175.33
2,5,177.3
2,5,179.27
2,5,181.24
2,5,183.21
2,5,185.18
2,5,187.15
2,5,189.12
2,5,191.09
2,5,193.06
2,5,195.03
2,5,197.0
2,5,198.97
2,5,200.94
2,5,202.91
2,5,204.88
2,5,206.85
2,5,208.82
2,5,210.79
2,5,212.76
2,5,214.73
2,5,216.7
2,5,218.67
2,5,220.64
2,5,222.61
2,5,224.58
2,5,226.55
2,5,228.52
2,5,230.49
2,5,232.46
2,5,234.43
2,5,236.4
2,5,238.37
2,5,240.34
2,5,242.31
2,5,244.28
2,5,246.25
2,5,248.22
2,5,250.19
2,5,252.16
2,5,254.13
2,5,256.1
2,5,258.07
2,5,260.04
2,5,262.01
2,5,263.98
2,5,265.95
2,5,267.92
2,5,269.89
2,5,271.86
2,5,273.83
2,5,275.8
2,5,277.77
2,5,279.74
2,6,0.0
2,6,1.97
2,6,3.94
2,6,5.91
2,6,7.88
2,6,9.85
2,6,11.82
2,6,13.79
2,6,15.76
2,6,17.73
2,6,19.7
2,6,21.67
2,6,23.64
2,6,25.61
2,6,27.58
2,6,29.55
2,6,31.52
2,6,33.49
2,6,35.46
2,6,37.43
2,6,39.4
2,6,41.37
2,6,43.34
2,6,45.31
2,6,47.28
2,6,49.25
2,6,51.22
2,6,53.19
2,6,55.16
2,6,57.13
2,6,59.1
2,6,61.07
2,6,63.04
2,6,65.01
2,6,66.98
2,6,68.95
2,6,70.92
2,6,72.89
2,6,74.86
2,6,76.83
2,6,78.8
2,6,80.77
2,6,82.74
2,6,84.71
2,6,86.68
2,6,88.65
2,6,90.62
2,6,92.59
2,6,94.56
2,6,96.53
2,6,98.5
2,6,100.47
2,6,102.44
2,6,104.41
2,6,106.38
2,6,108.35
2,6,110.32
2,6,112.29
2,6,114.26
2,6,116.23
2,6,118.2
2,6,120.17
2,6,122.14
2,6,124.11
2,6,126.08
2,6,128.05
2,6,130.02
2,6,131.99
2,6,133.96
2,6,135.93
2,6,137.9
2,6,139.87
2,6,141.84
2,6,143.81
2,6,145.78
2,6,147.75
2,6,149.72
2,6,151.69
2,6,153.66
2,6,155.63
2,6,157.6
2,6,159.57
2,6,161.54
2,6,163.51
2,6,165.48
2,6,167.45
2,6,169.42
2,6,171.39
2,6,173.36
2,6,175.33
2,6,177.3
2,6,179.27
2,6,181.24
2,6,183.21
2,6,185.18
2,6,187.15
2,6,189.12
2,6,191.09
2,6,193.06
2,6,195.03
2,6,197.0
2,6,198.97
2,6,200.94
2,6,202.91
2,6,204.88
2,6,206.85
2,6,208.82
2,6,210.79
2,6,212.76
2,6,214.73
2,6,216.7
2,6,218.67
2,6,220.64
2,6,222.61
2,6,224.58
2,6,226.55
2,6,228.52
2,6,230.49
2,6,232.46
2,6,234.43
2,6,236.4
2,6,238.37
2,6,240.34
2,6,242.31
2,6,244.28
2,6,246.25
2,6,248.22
2,6,250.19
2,6,252.16
2,6,254.13
2,6,256.1
2,6,258.07
2,6,260.04
2,6,262.01
2,6,263.98
2,6,265.95
2,6,267.92
2,6,269.89
2,6,271.86
2,6,273.83
2,6,275.8
2,6,277.77
2,6,279.74
2,7,0.0
2,7,1.97
2,7,3.94
2,7,5.91
2,7,7.88
2,7,9.85
2,7,11.82
2,7,13.79
2,7,15.76
2,7,17.73
2,7,19.7
2,7,21.67
2,7,23.64
2,7,25.61
2,7,27.58
2,7,29.55
2,7,31.52
2,7,33.49
2,7,35.46
2,7,37.43
2,7,39.4
2,7,41.37
2,7,43.34
2,7,45.31
2,7,47.28
2,7,49.25
2,7,51.22
2,7,53.19
2,7,55.16
2,7,57.13
2,7,59.1
2,7,61.07
2,7,63.04
2,7,65.01
2,7,66.98
2,7,68.95
2,7,70.92
2,7,72.89
2,7,74.86
2,7,76.83
2,7,78.8
2,7,80.77
2,7,82.74
2,7,84.71
2,7,86.68
2,7,88.65
2,7,90.62
2,7,92.59
2,7,94.56
2,7,96.53
2,7,98.5
2,7,100.47
2,7,102.44
2,7,104.41
2,7,106.38
2,7,108.35
2,7,110.32
2,7,112.29
2,7,114.26
2,7,116.23
2,7,118.2
2,7,120.17
2,7,122.14
2,7,124.11
2,7,126.08
2,7,128.05
2,7,130.02
2,7,131.99
2,7,133.96
2,7,135.93
2,7,137.9
2,7,139.87
2,7,141.84
2,7,143.81
2,7,145.78
2,7,147.75
2,7,149.72
2,7,151.69
2,7,153.66
2,7,155.63
2,7,157.6
2,7,159.57
2,7,161.54
2,7,163.51
2,7,165.48
2,7,167.45
2,7,169.42
2,7,171.39
2,7,173.36
2,7,175.33
2,7,177.3
2,7,179.27
2,7,181.24
2,7,183.21
2,7,185.18
2,7,187.15
2,7,189.12
2,7,191.09
2,7,193.06
2,7,195.03
2,7,197.0
2,7,198.97
2,7,200.94
2,7,202.91
2,7,204.88
2,7,206.85
2,7,208.82
2,7,210.79
2,7,212.76
2,7,214.73
2,7,216.7
2,7,218.67
2,7,220.64
2,7,222.61
2,7,224.58
2,7,226.55
2,7,228.52
2,7,230.49
2,7,232.46
2,7,234.43
2,7,236.4
2,7,238.37
2,7,240.34
2,7,242.31
2,7,244.28
2,7,246.25
2,7,248.22
2,7,250.19
2,7,252.16
2,7,254.13
2,7,256.1
2,7,258.07
2,7,260.04
2,7,262.01
2,7,263.98
2,7,265.95
2,7,267.92
2,7,269.89
2,7,271.86
2,7,273.83
2,7,275.8
2,7,277.77
2,7,279.74
3,1,0.0
3,1,1.97
3,1,3.94
3,1,5.91
3,1,7.88
3,1,9.85
3,1,11.82
3,1,13.79
3,1,15.76
3,1,17.73
3,1,19.7
3,1,21.67
3,1,23.64
3,1,25.61
3,1,27.58
3,1,29.55
3,1,31.52
3,1,33.49
3,1,35.46
3,1,37.43
3,1,39.4
3,1,41.37
3,1,43.34
3,1,45.31
3,1,47.28
3,1,49.25
3,1,51.22
3,1,53.19
3,1,55.16
3,1,57.13
3,1,59.1
3,1,61.07
3,1,63.04
3,1,65.01
3,1,66.98
3,1,68.95
3,1,70.92
3,1,72.89
3,1,74.86
3,1,76.83
3,1,78.8
3,1,80.77
3,1,82.74
3,1,84.71
3,1,86.68
3,1,88.65
3,1,90.62
3,1,92.59
3,1,94.56
3,1,96.53
3,1,98.5
3,1,100.47
3,1,102.44
3,1,104.41
3,1,106.38
3,1,108.35
3,1,110.32
3,1,112.29
3,1,114.26
3,1,116.23
3,1,118.2
3,1,120.17
3,1,122.14
3,1,124.11
3,1,126.08
3,1,128.05
3,1,130.02
3,1,131.99
3,1,133.96
3,1,135.93
3,1,137.9
3,1,139.87
3,1,141.84
3,1,143.81
3,1,145.78
3,1,147.75
3,1,149.72
3,1,151.69
3,1,153.66
3,1,155.63
3,1,157.6
3,1,159.57
3,1,161.54
3,1,163.51
3,1,165.48
3,1,167.45
3,1,169.42
3,1,171.39
3,1,173.36
3,1,175.33
3,1,177.3
3,1,179.27
3,1,181.24
3,1,183.21
3,1,185.18
3,1,187.15
3,1,189.12
3,1,191.09
3,1,193.06
3,1,195.03
3,1,197.0
3,1,198.97
3,1,200.94
3,1,202.91
3,1,204.88
3,1,206.85
3,1,208.82
3,1,210.79
3,1,212.76
3,1,214.73
3,1,216.7
3,1,218.67
3,1,220.64
3,1,222.61
3,1,224.58
3,1,226.55
3,1,228.52
3,1,230.49
3,1,232.46
3,1,234.43
3,1,236.4
3,1,238.37
3,1,240.34
3,1,242.31
3,1,244.28
3,1,246.25
3,1,248.22
3,1,250.19
3,1,252.16
3,1,254.13
3,1,256.1
3,1,258.07
3,1,260.04
3,1,262.01
3,1,263.98
3,1,265.95
3,1,267.92
3,1,269.89
3,1,271.86
3,1,273.83
3,1,275.8
3,1,277.77
3,1,279.74
3,2,0.0
3,2,1.97
3,2,3.94
3,2,5.91
3,2,7.88
3,2,9.85
3,2,11.82
3,2,13.79
3,2,15.76
3,2,17.73
3,2,19.7
3,2,21.67
3,2,23.64
3,2,25.61
3,2,27.58
3,2,29.55
3,2,31.52
3,2,33.49
3,2,35.46
3,2,37.43
3,2,39.4
3,2,41.37
3,2,43.34
3,2,45.31
3,2,47.28
3,2,49.25
3,2,51.22
3,2,53.19
3,2,55.16
3,2,57.13
3,2,59.1
3,2,61.07
3,2,63.04
3,2,65.01
3,2,66.98
3,2,68.95
3,2,70.92
3,2,72.89
3,2,74.86
3,2,76.83
3,2,78.8
3,2,80.77
3,2,82.74
3,2,84.71
3,2,86.68
3,2,88.65
3,2,90.62
3,2,92.59
3,2,94.56
3,2,96.53
3,2,98.5
3,2,100.47
3,2,102.44
3,2,104.41
3,2,106.38
3,2,108.35
3,2,110.32
3,2,112.29
3,2,114.26
3,2,116.23
3,2,118.2
3,2,120.17
3,2,122.14
3,2,124.11
3,2,126.08
3,2,128.05
3,2,130.02
3,2,131.99
3,2,133.96
3,2,135.93
3,2,137.9
3,2,139.87
3,2,141.84
3,2,143.81
3,2,145.78
3,2,147.75
3,2,149.72
3,2,151.69
3,2,153.66
3,2,155.63
3,2,157.6
3,2,159.57
3,2,161.54
3,2,163.51
3,2,165.48
3,2,167.45
3,2,169.42
3,2,171.39
3,2,173.36
3,2,175.33
3,2,177.3
3,2,179.27
3,2,181.24
3,2,183.21
3,2,185.18
3,2,187.15
3,2,189.12
3,2,191.09
3,2,193.06
3,2,195.03
3,2,197.0
3,2,198.97
3,2,200.94
3,2,202.91
3,2,204.88
3,2,206.85
3,2,208.82
3,2,210.79
3,2,212.76
3,2,214.73
3,2,216.7
3,2,218.67
3,2,220.64
3,2,222.61
3,2,224.58
3,2,226.55
3,2,228.52
3,2,230.49
3,2,232.46
3,2,234.43
3,2,236.4
3,2,238.37
3,2,240.34
3,2,242.31
3,2,244.28
3,2,246.25
3,2,248.22
3,2,250.19
3,2,252.16
3,2,254.13
3,2,256.1
3,2,258.07
3,2,260.04
3,2,262.01
3,2,263.98
3,2,265.95
3,2,267.92
3,2,269.89
3,2,271.86
3,2,273.83
3,2,275.8
3,2,277.77
3,2,279.74
3,3,0.0
3,3,1.97
3,3,3.94
3,3,5.91
3,3,7.88
3,3,9.85
3,3,11.82
3,3,13.79
3,3,15.76
3,3,17.73
3,3,19.7
3,3,21.67
3,3,23.64
3,3,25.61
3,3,27.58
3,3,29.55
3,3,31.52
3,3,33.49
3,3,35.46
3,3,37.43
3,3,39.4
3,3,41.37
3,3,43.34
3,3,45.31
3,3,47.28
3,3,49.25
3,3,51.22
3,3,53.19
3,3,55.16
3,3,57.13
3,3,59.1
3,3,61.07
3,3,63.04
3,3,65.01
3,3,66.98
3,3,68.95
3,3,70.92
3,3,72.89
3,3,74.86
3,3,76.83
3,3,78.8
3,3,80.77
3,3,82.74
3,3,84.71
3,3,86.68
3,3,88.65
3,3,90.62
3,3,92.59
3,3,94.56
3,3,96.53
3,3,98.5
3,3,100.47
3,3,102.44
3,3,104.41
3,3,106.38
3,3,108.35
3,3,110.32
3,3,112.29
3,3,114.26
3,3,116.23
3,3,118.2
3,3,120.17
3,3,122.14
3,3,124.11
3,3,126.08
3,3,128.05
3,3,130.02
3,3,131.99
3,3,133.96
3,3,135.93
3,3,137.9
3,3,139.87
3,3,141.84
3,3,143.81
3,3,145.78
3,3,147.75
3,3,149.72
3,3,151.69
3,3,153.66
3,3,155.63
3,3,157.6
3,3,159.57
3,3,161.54
3,3,163.51
3,3,165.48
3,3,167.45
3,3,169.42
3,3,171.39
3,3,173.36
3,3,175.33
3,3,177.3
3,3,179.27
3,3,181.24
3,3,183.21
3,3,185.18
3,3,187.15
3,3,189.12
3,3,191.09
3,3,193.06
3,3,195.03
3,3,197.0
3,3,198.97
3,3,200.94
3,3,202.91
3,3,204.88
3,3,206.85
3,3,208.82
3,3,210.79
3,3,212.76
3,3,214.73
3,3,216.7
3,3,218.67
3,3,220.64
3,3,222.61
3,3,224.58
3,3,226.55
3,3,228.52
3,3,230.49
3,3,232.46
3,3,234.43
3,3,236.4
3,3,238.37
3,3,240.34
3,3,242.31
3,3,244.28
3,3,246.25
3,3,248.22
3,3,250.19
3,3,252.16
3,3,254.13
3,3,256.1
3,3,258.07
3,3,260.04
3,3,262.01
3,3,263.98
3,3,265.95
3,3,267.92
3,3,269.89
3,3,271.86
3,3,273.83
3,3,275.8
3,3,277.77
3,3,279.74
3,4,0.0
3,4,1.97
3,4,3.94
3,4,5.91
3,4,7.88
3,4,9.85
3,4,11.82
3,4,13.79
3,4,15.76
3,4,17.73
3,4,19.7
3,4,21.67
3,4,23.64
3,4,25.61
3,4,27.58
3,4,29.55
3,4,31.52
3,4,33.49
3,4,35.46
3,4,37.43
3,4,39.4
3,4,41.37
3,4,43.34
3,4,45.31
3,4,47.28
3,4,49.25
3,4,51.22
3,4,53.19
3,4,55.16
3,4,57.13
3,4,59.1
3,4,61.07
3,4,63.04
3,4,65.01
3,4,66.98
3,4,68.95
3,4,70.92
3,4,72.89
3,4,74.86
3,4,76.83
3,4,78.8
3,4,80.77
3,4,82.74
3,4,84.71
3,4,86.68
3,4,88.65
3,4,90.62
3,4,92.59
3,4,94.56
3,4,96.53
3,4,98.5
3,4,100.47
3,4,102.44
3,4,104.41
3,4,106.38
3,4,108.35
3,4,110.32
3,4,112.29
3,4,114.26
3,4,116.23
3,4,118.2
3,4,120.17
3,4,122.14
3,4,124.11
3,4,126.08
3,4,128.05
3,4,130.02
3,4,131.99
3,4,133.96
3,4,135.93
3,4,137.9
3,4,139.87
3,4,141.84
3,4,143.81
3,4,145.78
3,4,147.75
3,4,149.72
3,4,151.69
3,4,153.66
3,4,155.63
3,4,157.6
3,4,159.57
3,4,161.54
3,4,163.51
3,4,165.48
3,4,167.45
3,4,169.42
3,4,171.39
3,4,173.36
3,4,175.33
3,4,177.3
3,4,179.27
3,4,181.24
3,4,183.21
3,4,185.18
3,4,187.15
3,4,189.12
3,4,191.09
3,4,193.06
3,4,195.03
3,4,197.0
3,4,198.97
3,4,200.94
3,4,202.91
3,4,204.88
3,4,206.85
3,4,208.82
3,4,210.79
3,4,212.76
3,4,214.73
3,4,216.7
3,4,218.67
3,4,220.64
3,4,222.61
3,4,224.58
3,4,226.55
3,4,228.52
3,4,230.49
3,4,232.46
3,4,234.43
3,4,236.4
3,4,238.37
3,4,240.34
3,4,242.31
3,4,244.28
3,4,246.25
3,4,248.22
3,4,250.19
3,4,252.16
3,4,254.13
3,4,256.1
3,4,258.07
3,4,260.04
3,4,262.01
3,4,263.98
3,4,265.95
3,4,267.92
3,4,269.89
3,4,271.86
3,4,273.83
3,4,275.8
3,4,277.77
3,4,279.74
3,5,0.0
3,5,1.97
3,5,3.94
3,5,5.91
3,5,7.88
3,5,9.85
3,5,11.82
3,5,13.79
3,5,15.76
3,5,17.73
3,5,19.7
3,5,21.67
3,5,23.64
3,5,25.61
3,5,27.58
3,5,29.55
3,5,31.52
3,5,33.49
3,5,35.46
3,5,37.43
3,5,39.4
3,5,41.37
3,5,43.34
3,5,45.31
3,5,47.28
3,5,49.25
3,5,51.22
3,5,53.19
3,5,55.16
3,5,57.13
3,5,59.1
3,5,61.07
3,5,63.04
3,5,65.01
3,5,66.98
3,5,68.95
3,5,70.92
3,5,72.89
3,5,74.86
3,5,76.83
3,5,78.8
3,5,80.77
3,5,82.74
3,5,84.71
3,5,86.68
3,5,88.65
3,5,90.62
3,5,92.59
3,5,94.56
3,5,96.53
3,5,98.5
3,5,100.47
3,5,102.44
3,5,104.41
3,5,106.38
3,5,108.35
3,5,110.32
3,5,112.29
3,5,114.26
3,5,116.23
3,5,118.2
3,5,120.17
3,5,122.14
3,5,124.11
3,5,126.08
3,5,128.05
3,5,130.02
3,5,131.99
3,5,133.96
3,5,135.93
3,5,137.9
3,5,139.87
3,5,141.84
3,5,143.81
3,5,145.78
3,5,147.75
3,5,149.72
3,5,151.69
3,5,153.66
3,5,155.63
3,5,157.6
3,5,159.57
3,5,161.54
3,5,163.51
3,5,165.48
3,5,167.45
3,5,169.42
3,5,171.39
3,5,173.36
3,5,175.33
3,5,177.3
3,5,179.27
3,5,181.24
3,5,183.21
3,5,185.18
3,5,187.15
3,5,189.12
3,5,191.09
3,5,193.06
3,5,195.03
3,5,197.0
3,5,198.97
3,5,200.94
3,5,202.91
3,5,204.88
3,5,206.85
3,5,208.82
3,5,210.79
3,5,212.76
3,5,214.73
3,5,216.7
3,5,218.67
3,5,220.64
3,5,222.61
3,5,224.58
3,5,226.55
3,5,228.52
3,5,230.49
3,5,232.46
3,5,234.43
3,5,236.4
3,5,238.37
3,5,240.34
3,5,242.31
3,5,244.28
3,5,246.25
3,5,248.22
3,5,250.19
3,5,252.16
3,5,254.13
3,5,256.1
3,5,258.07
3,5,260.04
3,5,262.01
3,5,263.98
3,5,265.95
3,5,267.92
3,5,269.89
3,5,271.86
3,5,273.83
3,5,275.8
3,5,277.77
3,5,279.74
3,6,0.0
3,6,1.97
3,6,3.94
3,6,5.91
3,6,7.88
3,6,9.85
3,6,11.82
3,6,13.79
3,6,15.76
3,6,17.73
3,6,19.7
3,6,21.67
3,6,23.64
3,6,25.61
3,6,27.58
3,6,29.55
3,6,31.52
3,6,33.49
3,6,35.46
3,6,37.43
3,6,39.4
3,6,41.37
3,6,43.34
3,6,45.31
3,6,47.28
3,6,49.25
3,6,51.22
3,6,53.19
3,6,55.16
3,6,57.13
3,6,59.1
3,6,61.07
3,6,63.04
3,6,65.01
3,6,66.98
3,6,68.95
3,6,70.92
3,6,72.89
3,6,74.86
3,6,76.83
3,6,78.8
3,6,80.77
3,6,82.74
3,6,84.71
3,6,86.68
3,6,88.65
3,6,90.62
3,6,92.59
3,6,94.56
3,6,96.53
3,6,98.5
3,6,100.47
3,6,102.44
3,6,104.41
3,6,106.38
3,6,108.35
3,6,110.32
3,6,112.29
3,6,114.26
3,6,116.23
3,6,118.2
3,6,120.17
3,6,122.14
3,6,124.11
3,6,126.08
3,6,128.05
3,6,130.02
3,6,131.99
3,6,133.96
3,6,135.93
3,6,137.9
3,6,139.87
3,6,141.84
3,6,143.81
3,6,145.78
3,6,147.75
3,6,149.72
3,6,151.69
3,6,153.66
3,6,155.63
3,6,157.6
3,6,159.57
3,6,161.54
3,6,163.51
3,6,165.48
3,6,167.45
3,6,169.42
3,6,171.39
3,6,173.36
3,6,175.33
3,6,177.3
3,6,179.27
3,6,181.24
3,6,183.21
3,6,185.18
3,6,187.15
3,6,189.12
3,6,191.09
3,6,193.06
3,6,195.03
3,6,197.0
3,6,198.97
3,6,200.94
3,6,202.91
3,6,204.88
3,6,206.85
3,6,208.82
3,6,210.79
3,6,212.76
3,6,214.73
3,6,216.7
3,6,218.67
3,6,220.64
3,6,222.61
3,6,224.58
3,6,226.55
3,6,228.52
3,6,230.49
3,6,232.46
3,6,234.43
3,6,236.4
3,6,238.37
3,6,240.34
3,6,242.31
3,6,244.28
3,6,246.25
3,6,248.22
3,6,250.19
3,6,252.16
3,6,254.13
3,6,256.1
3,6,258.07
3,6,260.04
3,6,262